   4.5000000000000000e+06  -1.0453100000000001e+02
   4.5000000000000000e+06  -7.4846199999999996e+01
   4.5020000000000000e+06  -1.0204700000000000e+02
   4.5020000000000000e+06  -7.4946899999999999e+01
   4.5040000000000000e+06  -1.0747300000000000e+02
   4.5040000000000000e+06  -7.7910200000000003e+01
   4.5060000000000000e+06  -9.7697800000000001e+01
   4.5060000000000000e+06  -7.5126999999999995e+01
   4.5080000000000000e+06  -1.0739000000000000e+02
   4.5080000000000000e+06  -7.7998699999999999e+01
   4.5100000000000000e+06  -1.0064000000000000e+02
   4.5100000000000000e+06  -7.8697500000000005e+01
   4.5120000000000000e+06  -1.1322799999999999e+02
   4.5120000000000000e+06  -7.8398399999999995e+01
   4.5140000000000000e+06  -1.1231900000000000e+02
   4.5140000000000000e+06  -7.9017899999999997e+01
   4.5160000000000000e+06  -9.8021199999999993e+01
   4.5160000000000000e+06  -8.0263099999999994e+01
   4.5180000000000000e+06  -9.6797499999999999e+01
   4.5180000000000000e+06  -7.7003799999999998e+01
   4.5200000000000000e+06  -1.0651700000000000e+02
   4.5200000000000000e+06  -7.6683300000000003e+01
   4.5220000000000000e+06  -9.9629499999999993e+01
   4.5220000000000000e+06  -7.6149299999999997e+01
   4.5240000000000000e+06  -1.0648699999999999e+02
   4.5240000000000000e+06  -7.3006000000000000e+01
   4.5260000000000000e+06  -1.0103000000000000e+02
   4.5260000000000000e+06  -7.5307000000000002e+01
   4.5280000000000000e+06  -1.0627300000000000e+02
   4.5280000000000000e+06  -7.4852300000000000e+01
   4.5300000000000000e+06  -1.1554400000000000e+02
   4.5300000000000000e+06  -7.8761600000000001e+01
   4.5320000000000000e+06  -9.7301000000000002e+01
   4.5320000000000000e+06  -7.8038300000000007e+01
   4.5340000000000000e+06  -1.0265400000000000e+02
   4.5340000000000000e+06  -7.4946899999999999e+01
   4.5360000000000000e+06  -1.0278500000000000e+02
   4.5360000000000000e+06  -7.6234700000000004e+01
   4.5380000000000000e+06  -1.0216600000000000e+02
   4.5380000000000000e+06  -7.6759600000000006e+01
   4.5400000000000000e+06  -1.0948399999999999e+02
   4.5400000000000000e+06  -7.5844099999999997e+01
   4.5420000000000000e+06  -1.0017900000000000e+02
   4.5420000000000000e+06  -7.5712900000000005e+01
   4.5440000000000000e+06  -1.0466500000000001e+02
   4.5440000000000000e+06  -7.6649799999999999e+01
   4.5460000000000000e+06  -9.2485399999999998e+01
   4.5460000000000000e+06  -7.5050700000000006e+01
   4.5480000000000000e+06  -9.4786400000000000e+01
   4.5480000000000000e+06  -7.2890000000000001e+01
   4.5500000000000000e+06  -1.0979800000000000e+02
   4.5500000000000000e+06  -7.7998699999999999e+01
   4.5520000000000000e+06  -1.0406999999999999e+02
   4.5520000000000000e+06  -7.3277600000000007e+01
   4.5540000000000000e+06  -1.0368200000000000e+02
   4.5540000000000000e+06  -7.7580600000000004e+01
   4.5560000000000000e+06  -1.0594400000000000e+02
   4.5560000000000000e+06  -7.6951899999999995e+01
   4.5580000000000000e+06  -1.0584600000000000e+02
   4.5580000000000000e+06  -7.6625399999999999e+01
   4.5600000000000000e+06  -9.5097700000000003e+01
   4.5600000000000000e+06  -7.7629400000000004e+01
   4.5620000000000000e+06  -9.7267499999999998e+01
   4.5620000000000000e+06  -7.6265299999999996e+01
   4.5640000000000000e+06  -1.0435700000000000e+02
   4.5640000000000000e+06  -7.6216399999999993e+01
   4.5660000000000000e+06  -9.9757700000000000e+01
   4.5660000000000000e+06  -7.9286500000000004e+01
   4.5680000000000000e+06  -9.6355000000000004e+01
   4.5680000000000000e+06  -7.6225600000000000e+01
   4.5700000000000000e+06  -1.0510100000000000e+02
   4.5700000000000000e+06  -7.6774900000000002e+01
   4.5720000000000000e+06  -1.0270900000000000e+02
   4.5720000000000000e+06  -7.8248900000000006e+01
   4.5740000000000000e+06  -9.8158600000000007e+01
   4.5740000000000000e+06  -7.7342500000000001e+01
   4.5760000000000000e+06  -1.0037100000000000e+02
   4.5760000000000000e+06  -7.4367099999999994e+01
   4.5780000000000000e+06  -1.0140900000000001e+02
   4.5780000000000000e+06  -7.7028199999999998e+01
   4.5800000000000000e+06  -1.0266600000000000e+02
   4.5800000000000000e+06  -7.6793199999999999e+01
   4.5820000000000000e+06  -1.1386300000000000e+02
   4.5820000000000000e+06  -7.6341600000000000e+01
   4.5840000000000000e+06  -1.1039600000000000e+02
   4.5840000000000000e+06  -7.8264200000000002e+01
   4.5860000000000000e+06  -1.0533900000000000e+02
   4.5860000000000000e+06  -7.7376099999999994e+01
   4.5880000000000000e+06  -1.0003800000000000e+02
   4.5880000000000000e+06  -7.6088300000000004e+01
   4.5900000000000000e+06  -9.6458699999999993e+01
   4.5900000000000000e+06  -7.5355800000000002e+01
   4.5920000000000000e+06  -9.0501700000000000e+01
   4.5920000000000000e+06  -7.6295800000000000e+01
   4.5940000000000000e+06  -9.6550299999999993e+01
   4.5940000000000000e+06  -7.5239900000000006e+01
   4.5960000000000000e+06  -1.0972499999999999e+02
   4.5960000000000000e+06  -7.6341600000000000e+01
   4.5980000000000000e+06  -1.0273900000000000e+02
   4.5980000000000000e+06  -7.6393400000000000e+01
   4.6000000000000000e+06  -1.1467500000000000e+02
   4.6000000000000000e+06  -7.6893900000000002e+01
   4.6020000000000000e+06  -1.0803100000000001e+02
   4.6020000000000000e+06  -7.6521600000000007e+01
   4.6040000000000000e+06  -1.0608700000000000e+02
   4.6040000000000000e+06  -7.6628399999999999e+01
   4.6060000000000000e+06  -1.0934600000000000e+02
   4.6060000000000000e+06  -7.5746499999999997e+01
   4.6080000000000000e+06  -1.1256300000000000e+02
   4.6080000000000000e+06  -7.8117699999999999e+01
   4.6100000000000000e+06  -1.1503800000000000e+02
   4.6100000000000000e+06  -7.6326300000000003e+01
   4.6120000000000000e+06  -1.0260500000000000e+02
   4.6120000000000000e+06  -7.3942899999999995e+01
   4.6140000000000000e+06  -9.7096599999999995e+01
   4.6140000000000000e+06  -7.4763800000000003e+01
   4.6160000000000000e+06  -1.1509600000000000e+02
   4.6160000000000000e+06  -7.4907200000000003e+01
   4.6180000000000000e+06  -9.1694900000000004e+01
   4.6180000000000000e+06  -7.5761700000000005e+01
   4.6200000000000000e+06  -9.5787400000000005e+01
   4.6200000000000000e+06  -7.3948999999999998e+01
   4.6220000000000000e+06  -1.1482700000000000e+02
   4.6220000000000000e+06  -7.2862499999999997e+01
   4.6240000000000000e+06  -9.4908400000000000e+01
   4.6240000000000000e+06  -7.3637699999999995e+01
   4.6260000000000000e+06  -1.1078400000000001e+02
   4.6260000000000000e+06  -7.6460599999999999e+01
   4.6280000000000000e+06  -9.5207499999999996e+01
   4.6280000000000000e+06  -7.5432100000000005e+01
   4.6300000000000000e+06  -1.0467400000000001e+02
   4.6300000000000000e+06  -7.6735200000000006e+01
   4.6320000000000000e+06  -9.6412999999999997e+01
   4.6320000000000000e+06  -7.7244900000000001e+01
   4.6340000000000000e+06  -9.7349900000000005e+01
   4.6340000000000000e+06  -7.6866500000000002e+01
   4.6360000000000000e+06  -9.5100700000000003e+01
   4.6360000000000000e+06  -7.9210200000000000e+01
   4.6380000000000000e+06  -8.9952399999999997e+01
   4.6380000000000000e+06  -7.6164599999999993e+01
   4.6400000000000000e+06  -9.9946899999999999e+01
   4.6400000000000000e+06  -7.6314099999999996e+01
   4.6420000000000000e+06  -9.1624799999999993e+01
   4.6420000000000000e+06  -7.8432000000000002e+01
   4.6440000000000000e+06  -9.8912400000000005e+01
   4.6440000000000000e+06  -7.6738299999999995e+01
   4.6460000000000000e+06  -9.8445400000000006e+01
   4.6460000000000000e+06  -7.8972200000000001e+01
   4.6480000000000000e+06  -1.0810700000000000e+02
   4.6480000000000000e+06  -7.7385300000000001e+01
   4.6500000000000000e+06  -1.0163800000000001e+02
   4.6500000000000000e+06  -7.3936800000000005e+01
   4.6520000000000000e+06  -1.0252600000000000e+02
   4.6520000000000000e+06  -7.3716999999999999e+01
   4.6540000000000000e+06  -1.0137200000000000e+02
   4.6540000000000000e+06  -7.5850200000000001e+01
   4.6560000000000000e+06  -8.8536400000000000e+01
   4.6560000000000000e+06  -7.5395499999999998e+01
   4.6580000000000000e+06  -1.1293500000000000e+02
   4.6580000000000000e+06  -7.7037400000000005e+01
   4.6600000000000000e+06  -1.0194600000000000e+02
   4.6600000000000000e+06  -7.5227699999999999e+01
   4.6620000000000000e+06  -9.9144300000000001e+01
   4.6620000000000000e+06  -7.3585800000000006e+01
   4.6640000000000000e+06  -9.0404100000000000e+01
   4.6640000000000000e+06  -7.4058800000000005e+01
   4.6660000000000000e+06  -9.9736300000000000e+01
   4.6660000000000000e+06  -7.6475800000000007e+01
   4.6680000000000000e+06  -1.0514700000000001e+02
   4.6680000000000000e+06  -7.5728099999999998e+01
   4.6700000000000000e+06  -9.5576800000000006e+01
   4.6700000000000000e+06  -7.6384299999999996e+01
   4.6720000000000000e+06  -1.0017900000000000e+02
   4.6720000000000000e+06  -7.7156400000000005e+01
   4.6740000000000000e+06  -1.0101800000000000e+02
   4.6740000000000000e+06  -7.9423800000000000e+01
   4.6760000000000000e+06  -9.9339600000000004e+01
   4.6760000000000000e+06  -7.6814599999999999e+01
   4.6780000000000000e+06  -9.8497299999999996e+01
   4.6780000000000000e+06  -7.6094399999999993e+01
   4.6800000000000000e+06  -1.1017300000000000e+02
   4.6800000000000000e+06  -7.7980300000000000e+01
   4.6820000000000000e+06  -1.0636499999999999e+02
   4.6820000000000000e+06  -7.2838099999999997e+01
   4.6840000000000000e+06  -1.0032200000000000e+02
   4.6840000000000000e+06  -7.5444299999999998e+01
   4.6860000000000000e+06  -1.0921500000000000e+02
   4.6860000000000000e+06  -7.4830900000000000e+01
   4.6880000000000000e+06  -9.2845500000000001e+01
   4.6880000000000000e+06  -7.4827900000000000e+01
   4.6900000000000000e+06  -1.0083199999999999e+02
   4.6900000000000000e+06  -7.8987399999999994e+01
   4.6920000000000000e+06  -9.5802599999999998e+01
   4.6920000000000000e+06  -7.5599999999999994e+01
   4.6940000000000000e+06  -9.9513499999999993e+01
   4.6940000000000000e+06  -7.4586799999999997e+01
   4.6960000000000000e+06  -9.8716999999999999e+01
   4.6960000000000000e+06  -7.6634500000000003e+01
   4.6980000000000000e+06  -1.1421400000000000e+02
   4.6980000000000000e+06  -7.8212299999999999e+01
   4.7000000000000000e+06  -1.0307200000000000e+02
   4.7000000000000000e+06  -7.7150300000000001e+01
   4.7020000000000000e+06  -9.5326499999999996e+01
   4.7020000000000000e+06  -7.7803299999999993e+01
   4.7040000000000000e+06  -8.6507000000000005e+01
   4.7040000000000000e+06  -7.4684399999999997e+01
   4.7060000000000000e+06  -1.0333700000000000e+02
   4.7060000000000000e+06  -7.3564499999999995e+01
   4.7080000000000000e+06  -9.9489099999999993e+01
   4.7080000000000000e+06  -8.1148099999999999e+01
   4.7100000000000000e+06  -1.1691200000000001e+02
   4.7100000000000000e+06  -7.5487099999999998e+01
   4.7120000000000000e+06  -9.8845200000000006e+01
   4.7120000000000000e+06  -7.5886799999999994e+01
   4.7140000000000000e+06  -1.0361199999999999e+02
   4.7140000000000000e+06  -7.4748500000000007e+01
   4.7160000000000000e+06  -9.2894300000000001e+01
   4.7160000000000000e+06  -7.9243799999999993e+01
   4.7180000000000000e+06  -9.7520799999999994e+01
   4.7180000000000000e+06  -7.6295800000000000e+01
   4.7200000000000000e+06  -1.0364600000000000e+02
   4.7200000000000000e+06  -7.6719999999999999e+01
   4.7220000000000000e+06  -9.8955100000000002e+01
   4.7220000000000000e+06  -7.7150300000000001e+01
   4.7240000000000000e+06  -1.0739600000000000e+02
   4.7240000000000000e+06  -7.4852300000000000e+01
   4.7260000000000000e+06  -1.0866000000000000e+02
   4.7260000000000000e+06  -7.3283699999999996e+01
   4.7280000000000000e+06  -9.9028300000000002e+01
   4.7280000000000000e+06  -7.7510400000000004e+01
   4.7300000000000000e+06  -9.5714100000000002e+01
   4.7300000000000000e+06  -7.5120800000000003e+01
   4.7320000000000000e+06  -1.0973399999999999e+02
   4.7320000000000000e+06  -7.4379300000000001e+01
   4.7340000000000000e+06  -9.4606300000000005e+01
   4.7340000000000000e+06  -7.5734300000000005e+01
   4.7360000000000000e+06  -1.1180900000000000e+02
   4.7360000000000000e+06  -7.6146199999999993e+01
   4.7380000000000000e+06  -1.1279800000000000e+02
   4.7380000000000000e+06  -7.5981399999999994e+01
   4.7400000000000000e+06  -9.8894000000000005e+01
   4.7400000000000000e+06  -7.8670000000000002e+01
   4.7420000000000000e+06  -9.9351799999999997e+01
   4.7420000000000000e+06  -7.8254999999999995e+01
   4.7440000000000000e+06  -1.0260800000000000e+02
   4.7440000000000000e+06  -7.6936599999999999e+01
   4.7460000000000000e+06  -9.8543099999999995e+01
   4.7460000000000000e+06  -7.9646600000000007e+01
   4.7480000000000000e+06  -1.0568400000000000e+02
   4.7480000000000000e+06  -7.9259000000000000e+01
   4.7500000000000000e+06  -1.1334699999999999e+02
   4.7500000000000000e+06  -7.7659899999999993e+01
   4.7520000000000000e+06  -9.7154499999999999e+01
   4.7520000000000000e+06  -7.4977400000000003e+01
   4.7540000000000000e+06  -9.9827900000000000e+01
   4.7540000000000000e+06  -7.9558099999999996e+01
   4.7560000000000000e+06  -8.7340100000000007e+01
   4.7560000000000000e+06  -7.7470699999999994e+01
   4.7580000000000000e+06  -1.0018800000000000e+02
   4.7580000000000000e+06  -7.7223500000000001e+01
   4.7600000000000000e+06  -9.7682500000000005e+01
   4.7600000000000000e+06  -7.6170699999999997e+01
   4.7620000000000000e+06  -1.0747600000000000e+02
   4.7620000000000000e+06  -7.6304900000000004e+01
   4.7640000000000000e+06  -1.0788800000000001e+02
   4.7640000000000000e+06  -7.6069900000000004e+01
   4.7660000000000000e+06  -1.0012100000000000e+02
   4.7660000000000000e+06  -7.3573599999999999e+01
   4.7680000000000000e+06  -9.7883899999999997e+01
   4.7680000000000000e+06  -7.6317099999999996e+01
   4.7700000000000000e+06  -1.1000500000000000e+02
   4.7700000000000000e+06  -7.8068799999999996e+01
   4.7720000000000000e+06  -1.0602900000000000e+02
   4.7720000000000000e+06  -7.4577600000000004e+01
   4.7740000000000000e+06  -1.1497100000000000e+02
   4.7740000000000000e+06  -7.5798299999999998e+01
   4.7760000000000000e+06  -1.0096299999999999e+02
   4.7760000000000000e+06  -7.7836900000000000e+01
   4.7780000000000000e+06  -1.0306900000000000e+02
   4.7780000000000000e+06  -7.7894900000000007e+01
   4.7800000000000000e+06  -1.1117400000000001e+02
   4.7800000000000000e+06  -7.7568399999999997e+01
   4.7820000000000000e+06  -8.7544600000000003e+01
   4.7820000000000000e+06  -7.5465699999999998e+01
   4.7840000000000000e+06  -9.5762900000000002e+01
   4.7840000000000000e+06  -7.7119799999999998e+01
   4.7860000000000000e+06  -9.6577799999999996e+01
   4.7860000000000000e+06  -7.5212400000000002e+01
   4.7880000000000000e+06  -1.0185700000000000e+02
   4.7880000000000000e+06  -7.6915300000000002e+01
   4.7900000000000000e+06  -9.8537000000000006e+01
   4.7900000000000000e+06  -7.7867400000000004e+01
   4.7920000000000000e+06  -1.0534200000000000e+02
   4.7920000000000000e+06  -7.6234700000000004e+01
   4.7940000000000000e+06  -9.5146500000000003e+01
   4.7940000000000000e+06  -7.6277500000000003e+01
   4.7960000000000000e+06  -1.2252400000000000e+02
   4.7960000000000000e+06  -7.4849199999999996e+01
   4.7980000000000000e+06  -1.0875100000000000e+02
   4.7980000000000000e+06  -7.6457499999999996e+01
   4.8000000000000000e+06  -9.7569599999999994e+01
   4.8000000000000000e+06  -7.5880700000000004e+01
   4.8020000000000000e+06  -1.0923000000000000e+02
   4.8020000000000000e+06  -7.6735200000000006e+01
   4.8040000000000000e+06  -1.0515300000000001e+02
   4.8040000000000000e+06  -7.6259200000000007e+01
   4.8060000000000000e+06  -9.3403899999999993e+01
   4.8060000000000000e+06  -7.3424099999999996e+01
   4.8080000000000000e+06  -9.5796499999999995e+01
   4.8080000000000000e+06  -7.7333399999999997e+01
   4.8100000000000000e+06  -9.9489099999999993e+01
   4.8100000000000000e+06  -8.0195899999999995e+01
   4.8120000000000000e+06  -1.0175400000000000e+02
   4.8120000000000000e+06  -7.6289699999999996e+01
   4.8140000000000000e+06  -1.0133499999999999e+02
   4.8140000000000000e+06  -7.6689499999999995e+01
   4.8160000000000000e+06  -1.0233300000000000e+02
   4.8160000000000000e+06  -7.4623400000000004e+01
   4.8180000000000000e+06  -9.7905299999999997e+01
   4.8180000000000000e+06  -7.6610100000000003e+01
   4.8200000000000000e+06  -9.5210599999999999e+01
   4.8200000000000000e+06  -7.7177700000000002e+01
   4.8220000000000000e+06  -9.2619600000000005e+01
   4.8220000000000000e+06  -7.6051599999999993e+01
   4.8240000000000000e+06  -1.1253800000000000e+02
   4.8240000000000000e+06  -7.6817599999999999e+01
   4.8260000000000000e+06  -9.3584000000000003e+01
   4.8260000000000000e+06  -7.8715800000000002e+01
   4.8280000000000000e+06  -9.0172100000000000e+01
   4.8280000000000000e+06  -7.6585700000000003e+01
   4.8300000000000000e+06  -1.0416400000000000e+02
   4.8300000000000000e+06  -7.7076999999999998e+01
   4.8320000000000000e+06  -9.4948099999999997e+01
   4.8320000000000000e+06  -7.5764799999999994e+01
   4.8340000000000000e+06  -1.0322799999999999e+02
   4.8340000000000000e+06  -7.7092299999999994e+01
   4.8360000000000000e+06  -9.3550399999999996e+01
   4.8360000000000000e+06  -7.6835899999999995e+01
   4.8380000000000000e+06  -1.0509800000000000e+02
   4.8380000000000000e+06  -7.5383300000000006e+01
   4.8400000000000000e+06  -1.0570600000000000e+02
   4.8400000000000000e+06  -7.5401600000000002e+01
   4.8420000000000000e+06  -1.0926400000000000e+02
   4.8420000000000000e+06  -8.0235600000000005e+01
   4.8440000000000000e+06  -9.6449600000000004e+01
   4.8440000000000000e+06  -7.9176599999999993e+01
   4.8460000000000000e+06  -9.4679599999999994e+01
   4.8460000000000000e+06  -7.7156400000000005e+01
   4.8480000000000000e+06  -9.8970299999999995e+01
   4.8480000000000000e+06  -7.9002700000000004e+01
   4.8500000000000000e+06  -1.0421299999999999e+02
   4.8500000000000000e+06  -7.7269300000000001e+01
   4.8520000000000000e+06  -1.0930400000000000e+02
   4.8520000000000000e+06  -7.6118799999999993e+01
   4.8540000000000000e+06  -1.0352700000000000e+02
   4.8540000000000000e+06  -7.7623300000000000e+01
   4.8560000000000000e+06  -9.8894000000000005e+01
   4.8560000000000000e+06  -7.6909199999999998e+01
   4.8580000000000000e+06  -1.1544700000000000e+02
   4.8580000000000000e+06  -7.9005700000000004e+01
   4.8600000000000000e+06  -1.0313300000000000e+02
   4.8600000000000000e+06  -7.7150300000000001e+01
   4.8620000000000000e+06  -1.0831500000000000e+02
   4.8620000000000000e+06  -7.7864400000000003e+01
   4.8640000000000000e+06  -1.1170500000000000e+02
   4.8640000000000000e+06  -7.7705699999999993e+01
   4.8660000000000000e+06  -9.6825000000000003e+01
   4.8660000000000000e+06  -7.8557100000000005e+01
   4.8680000000000000e+06  -9.7697800000000001e+01
   4.8680000000000000e+06  -7.2990700000000004e+01
   4.8700000000000000e+06  -1.0431399999999999e+02
   4.8700000000000000e+06  -7.7867400000000004e+01
   4.8720000000000000e+06  -8.9128399999999999e+01
   4.8720000000000000e+06  -7.4852300000000000e+01
   4.8740000000000000e+06  -9.4063100000000006e+01
   4.8740000000000000e+06  -7.7687399999999997e+01
   4.8760000000000000e+06  -9.8436300000000003e+01
   4.8760000000000000e+06  -7.5407700000000006e+01
   4.8780000000000000e+06  -1.0340500000000000e+02
   4.8780000000000000e+06  -7.7299800000000005e+01
   4.8800000000000000e+06  -1.0726200000000000e+02
   4.8800000000000000e+06  -7.8071899999999999e+01
   4.8820000000000000e+06  -1.0073699999999999e+02
   4.8820000000000000e+06  -7.7989500000000007e+01
   4.8840000000000000e+06  -9.2982799999999997e+01
   4.8840000000000000e+06  -7.6591800000000006e+01
   4.8860000000000000e+06  -1.0797600000000000e+02
   4.8860000000000000e+06  -7.6817599999999999e+01
   4.8880000000000000e+06  -9.8597999999999999e+01
   4.8880000000000000e+06  -7.7733199999999997e+01
   4.8900000000000000e+06  -1.0229700000000000e+02
   4.8900000000000000e+06  -7.6256100000000004e+01
   4.8920000000000000e+06  -1.0777800000000001e+02
   4.8920000000000000e+06  -7.6051599999999993e+01
   4.8940000000000000e+06  -9.4365200000000002e+01
   4.8940000000000000e+06  -7.7516499999999994e+01
   4.8960000000000000e+06  -1.0696599999999999e+02
   4.8960000000000000e+06  -7.5142200000000003e+01
   4.8980000000000000e+06  -1.0164700000000001e+02
   4.8980000000000000e+06  -7.6851200000000006e+01
   4.9000000000000000e+06  -1.0490000000000001e+02
   4.9000000000000000e+06  -7.7165499999999994e+01
   4.9020000000000000e+06  -1.0649900000000000e+02
   4.9020000000000000e+06  -7.6344600000000000e+01
   4.9040000000000000e+06  -1.0188200000000001e+02
   4.9040000000000000e+06  -7.9188800000000001e+01
   4.9060000000000000e+06  -1.0159800000000000e+02
   4.9060000000000000e+06  -7.6475800000000007e+01
   4.9080000000000000e+06  -9.8588899999999995e+01
   4.9080000000000000e+06  -7.4614300000000000e+01
   4.9100000000000000e+06  -9.5158699999999996e+01
   4.9100000000000000e+06  -7.5554199999999994e+01
   4.9120000000000000e+06  -9.2720299999999995e+01
   4.9120000000000000e+06  -7.8972200000000001e+01
   4.9140000000000000e+06  -9.8454599999999999e+01
   4.9140000000000000e+06  -7.5423000000000002e+01
   4.9160000000000000e+06  -9.4102800000000002e+01
   4.9160000000000000e+06  -7.7553100000000001e+01
   4.9180000000000000e+06  -1.0186300000000000e+02
   4.9180000000000000e+06  -7.7879599999999996e+01
   4.9200000000000000e+06  -9.5701899999999995e+01
   4.9200000000000000e+06  -7.4647800000000004e+01
   4.9220000000000000e+06  -1.0396299999999999e+02
   4.9220000000000000e+06  -7.6692499999999995e+01
   4.9240000000000000e+06  -1.0155800000000001e+02
   4.9240000000000000e+06  -7.5160499999999999e+01
   4.9260000000000000e+06  -9.5421099999999996e+01
   4.9260000000000000e+06  -7.6594800000000006e+01
   4.9280000000000000e+06  -1.0324600000000000e+02
   4.9280000000000000e+06  -7.7070899999999995e+01
   4.9300000000000000e+06  -1.1414400000000001e+02
   4.9300000000000000e+06  -7.9649699999999996e+01
   4.9320000000000000e+06  -9.9656999999999996e+01
   4.9320000000000000e+06  -7.4470799999999997e+01
   4.9340000000000000e+06  -1.1524500000000000e+02
   4.9340000000000000e+06  -7.8679199999999994e+01
   4.9360000000000000e+06  -9.5131200000000007e+01
   4.9360000000000000e+06  -7.5297899999999998e+01
   4.9380000000000000e+06  -1.1440600000000001e+02
   4.9380000000000000e+06  -7.6106600000000000e+01
   4.9400000000000000e+06  -9.7526899999999998e+01
   4.9400000000000000e+06  -7.6497200000000007e+01
   4.9420000000000000e+06  -9.5927700000000002e+01
   4.9420000000000000e+06  -7.4022199999999998e+01
   4.9440000000000000e+06  -8.8154899999999998e+01
   4.9440000000000000e+06  -7.4492199999999997e+01
   4.9460000000000000e+06  -9.8396600000000007e+01
   4.9460000000000000e+06  -7.6808499999999995e+01
   4.9480000000000000e+06  -9.5106800000000007e+01
   4.9480000000000000e+06  -7.8084100000000007e+01
   4.9500000000000000e+06  -9.7517700000000005e+01
   4.9500000000000000e+06  -7.6628399999999999e+01
   4.9520000000000000e+06  -1.0714000000000000e+02
   4.9520000000000000e+06  -7.3903199999999998e+01
   4.9540000000000000e+06  -9.9678299999999993e+01
   4.9540000000000000e+06  -7.6668099999999995e+01
   4.9560000000000000e+06  -9.7474999999999994e+01
   4.9560000000000000e+06  -7.6778000000000006e+01
   4.9580000000000000e+06  -1.0052400000000000e+02
   4.9580000000000000e+06  -7.4724100000000007e+01
   4.9600000000000000e+06  -9.2842399999999998e+01
   4.9600000000000000e+06  -7.6088300000000004e+01
   4.9620000000000000e+06  -9.3736599999999996e+01
   4.9620000000000000e+06  -7.6683300000000003e+01
   4.9640000000000000e+06  -1.0703600000000000e+02
   4.9640000000000000e+06  -7.6805400000000006e+01
   4.9660000000000000e+06  -9.3104900000000001e+01
   4.9660000000000000e+06  -7.4083299999999994e+01
   4.9680000000000000e+06  -9.1984899999999996e+01
   4.9680000000000000e+06  -7.4522700000000000e+01
   4.9700000000000000e+06  -9.8530900000000003e+01
   4.9700000000000000e+06  -7.3085300000000004e+01
   4.9720000000000000e+06  -9.0864900000000006e+01
   4.9720000000000000e+06  -6.9346900000000005e+01
   4.9740000000000000e+06  -8.2268100000000004e+01
   4.9740000000000000e+06  -6.4503799999999998e+01
   4.9760000000000000e+06  -6.9893199999999993e+01
   4.9760000000000000e+06  -6.0139800000000001e+01
   4.9780000000000000e+06  -6.1549700000000001e+01
   4.9780000000000000e+06  -5.7130699999999997e+01
   4.9800000000000000e+06  -5.7454200000000000e+01
   4.9800000000000000e+06  -5.2244900000000001e+01
   4.9820000000000000e+06  -5.2315100000000001e+01
   4.9820000000000000e+06  -5.0154400000000003e+01
   4.9840000000000000e+06  -5.0258200000000002e+01
   4.9840000000000000e+06  -4.8106699999999996e+01
   4.9860000000000000e+06  -4.8106699999999996e+01
   4.9860000000000000e+06  -4.6855499999999999e+01
   4.9880000000000000e+06  -4.6925699999999999e+01
   4.9880000000000000e+06  -4.6547199999999997e+01
   4.9900000000000000e+06  -4.7859499999999997e+01
   4.9900000000000000e+06  -4.6730300000000000e+01
   4.9920000000000000e+06  -4.9589799999999997e+01
   4.9920000000000000e+06  -4.7798499999999997e+01
   4.9940000000000000e+06  -5.3300800000000002e+01
   4.9940000000000000e+06  -4.9620399999999997e+01
   4.9960000000000000e+06  -5.8153100000000002e+01
   4.9960000000000000e+06  -5.3340499999999999e+01
   4.9980000000000000e+06  -6.4457999999999998e+01
   4.9980000000000000e+06  -5.6047400000000003e+01
   5.0000000000000000e+06  -7.1885999999999996e+01
   5.0000000000000000e+06  -6.1073599999999999e+01
   5.0020000000000000e+06  -8.6964699999999993e+01
   5.0020000000000000e+06  -6.6453900000000004e+01
   5.0040000000000000e+06  -9.5488299999999995e+01
   5.0040000000000000e+06  -7.4153400000000005e+01
   5.0060000000000000e+06  -9.6022300000000001e+01
   5.0060000000000000e+06  -7.2661100000000005e+01
   5.0080000000000000e+06  -9.6647900000000007e+01
   5.0080000000000000e+06  -7.4864500000000007e+01
   5.0100000000000000e+06  -1.0696599999999999e+02
   5.0100000000000000e+06  -7.3079200000000000e+01
   5.0120000000000000e+06  -9.1118200000000002e+01
   5.0120000000000000e+06  -7.4394499999999994e+01
   5.0140000000000000e+06  -1.0966100000000000e+02
   5.0140000000000000e+06  -7.6161500000000004e+01
   5.0160000000000000e+06  -1.0757599999999999e+02
   5.0160000000000000e+06  -7.8007800000000003e+01
   5.0180000000000000e+06  -9.9540999999999997e+01
   5.0180000000000000e+06  -7.3524799999999999e+01
   5.0200000000000000e+06  -1.0918800000000000e+02
   5.0200000000000000e+06  -7.4318200000000004e+01
   5.0220000000000000e+06  -1.0524200000000000e+02
   5.0220000000000000e+06  -7.9024000000000001e+01
   5.0240000000000000e+06  -1.0228500000000000e+02
   5.0240000000000000e+06  -7.5673199999999994e+01
   5.0260000000000000e+06  -1.0192100000000001e+02
   5.0260000000000000e+06  -7.5609099999999998e+01
   5.0280000000000000e+06  -9.3562600000000003e+01
   5.0280000000000000e+06  -8.0693399999999997e+01
   5.0300000000000000e+06  -1.0012400000000000e+02
   5.0300000000000000e+06  -7.9912099999999995e+01
   5.0320000000000000e+06  -1.0089300000000000e+02
   5.0320000000000000e+06  -7.4998800000000003e+01
   5.0340000000000000e+06  -8.9811999999999998e+01
   5.0340000000000000e+06  -7.2328500000000005e+01
   5.0360000000000000e+06  -1.0193700000000000e+02
   5.0360000000000000e+06  -7.8273300000000006e+01
   5.0380000000000000e+06  -1.0405200000000001e+02
   5.0380000000000000e+06  -7.6710800000000006e+01
   5.0400000000000000e+06  -9.5482200000000006e+01
   5.0400000000000000e+06  -7.6643699999999995e+01
   5.0420000000000000e+06  -9.1887200000000007e+01
   5.0420000000000000e+06  -7.7427999999999997e+01
   5.0440000000000000e+06  -9.3409999999999997e+01
   5.0440000000000000e+06  -7.7641599999999997e+01
   5.0460000000000000e+06  -9.8390500000000003e+01
   5.0460000000000000e+06  -7.6603999999999999e+01
   5.0480000000000000e+06  -9.6428200000000004e+01
   5.0480000000000000e+06  -7.8581500000000005e+01
   5.0500000000000000e+06  -9.7655000000000001e+01
   5.0500000000000000e+06  -7.8474699999999999e+01
   5.0520000000000000e+06  -1.1256900000000000e+02
   5.0520000000000000e+06  -7.5224599999999995e+01
   5.0540000000000000e+06  -1.0558700000000000e+02
   5.0540000000000000e+06  -7.5340599999999995e+01
   5.0560000000000000e+06  -9.9715000000000003e+01
   5.0560000000000000e+06  -7.7440200000000004e+01
   5.0580000000000000e+06  -1.0959399999999999e+02
   5.0580000000000000e+06  -7.7977300000000000e+01
   5.0600000000000000e+06  -1.0485400000000000e+02
   5.0600000000000000e+06  -7.6292699999999996e+01
   5.0620000000000000e+06  -9.9318200000000004e+01
   5.0620000000000000e+06  -7.5697599999999994e+01
   5.0640000000000000e+06  -9.6239000000000004e+01
   5.0640000000000000e+06  -7.6024199999999993e+01
   5.0660000000000000e+06  -9.8768900000000002e+01
   5.0660000000000000e+06  -7.5206299999999999e+01
   5.0680000000000000e+06  -9.9495199999999997e+01
   5.0680000000000000e+06  -7.4296899999999994e+01
   5.0700000000000000e+06  -1.0071899999999999e+02
   5.0700000000000000e+06  -7.6329300000000003e+01
   5.0720000000000000e+06  -9.1240200000000002e+01
   5.0720000000000000e+06  -7.4968299999999999e+01
   5.0740000000000000e+06  -1.0641100000000000e+02
   5.0740000000000000e+06  -7.4513499999999993e+01
   5.0760000000000000e+06  -1.0418000000000001e+02
   5.0760000000000000e+06  -7.7205200000000005e+01
   5.0780000000000000e+06  -1.0589500000000000e+02
   5.0780000000000000e+06  -7.8416700000000006e+01
   5.0800000000000000e+06  -1.0644100000000000e+02
   5.0800000000000000e+06  -7.6121799999999993e+01
   5.0820000000000000e+06  -1.0525400000000000e+02
   5.0820000000000000e+06  -7.4153400000000005e+01
   5.0840000000000000e+06  -1.0758199999999999e+02
   5.0840000000000000e+06  -7.7055700000000002e+01
   5.0860000000000000e+06  -9.5622600000000006e+01
   5.0860000000000000e+06  -7.5627399999999994e+01
   5.0880000000000000e+06  -1.0009300000000000e+02
   5.0880000000000000e+06  -7.7537800000000004e+01
   5.0900000000000000e+06  -1.1014900000000000e+02
   5.0900000000000000e+06  -7.7937600000000003e+01
   5.0920000000000000e+06  -9.2149699999999996e+01
   5.0920000000000000e+06  -7.4077100000000002e+01
   5.0940000000000000e+06  -9.6046800000000005e+01
   5.0940000000000000e+06  -7.5517600000000002e+01
   5.0960000000000000e+06  -9.0330799999999996e+01
   5.0960000000000000e+06  -7.4327399999999997e+01
   5.0980000000000000e+06  -9.7905299999999997e+01
   5.0980000000000000e+06  -7.7168599999999998e+01
   5.1000000000000000e+06  -9.5817899999999995e+01
   5.1000000000000000e+06  -7.5444299999999998e+01
   5.1020000000000000e+06  -1.0640100000000000e+02
   5.1020000000000000e+06  -7.7525599999999997e+01
   5.1040000000000000e+06  -1.0373999999999999e+02
   5.1040000000000000e+06  -7.7299800000000005e+01
   5.1060000000000000e+06  -1.1348800000000000e+02
   5.1060000000000000e+06  -7.5825800000000001e+01
   5.1080000000000000e+06  -9.7844200000000001e+01
   5.1080000000000000e+06  -7.6515500000000003e+01
   5.1100000000000000e+06  -9.2653199999999998e+01
   5.1100000000000000e+06  -7.5209400000000002e+01
   5.1120000000000000e+06  -1.0419799999999999e+02
   5.1120000000000000e+06  -7.8718900000000005e+01
   5.1140000000000000e+06  -1.1336900000000000e+02
   5.1140000000000000e+06  -7.6722999999999999e+01
   5.1160000000000000e+06  -1.0032200000000000e+02
   5.1160000000000000e+06  -7.4034400000000005e+01
   5.1180000000000000e+06  -1.0413400000000000e+02
   5.1180000000000000e+06  -7.9200999999999993e+01
   5.1200000000000000e+06  -9.7993799999999993e+01
   5.1200000000000000e+06  -8.0885599999999997e+01
   5.1220000000000000e+06  -9.2567700000000002e+01
   5.1220000000000000e+06  -7.8557100000000005e+01
   5.1240000000000000e+06  -9.9873699999999999e+01
   5.1240000000000000e+06  -7.5651899999999998e+01
   5.1260000000000000e+06  -8.6183499999999995e+01
   5.1260000000000000e+06  -7.4870599999999996e+01
   5.1280000000000000e+06  -8.8496700000000004e+01
   5.1280000000000000e+06  -7.4495199999999997e+01
   5.1300000000000000e+06  -9.9659999999999997e+01
   5.1300000000000000e+06  -7.5731200000000001e+01
   5.1320000000000000e+06  -9.6913499999999999e+01
   5.1320000000000000e+06  -7.6063800000000001e+01
   5.1340000000000000e+06  -1.1251400000000000e+02
   5.1340000000000000e+06  -7.5145300000000006e+01
   5.1360000000000000e+06  -1.0100000000000000e+02
   5.1360000000000000e+06  -7.7311999999999998e+01
   5.1380000000000000e+06  -1.0649900000000000e+02
   5.1380000000000000e+06  -7.5725099999999998e+01
   5.1400000000000000e+06  -1.0742400000000001e+02
   5.1400000000000000e+06  -7.9170500000000004e+01
   5.1420000000000000e+06  -1.0421899999999999e+02
   5.1420000000000000e+06  -7.8697500000000005e+01
   5.1440000000000000e+06  -1.0401200000000000e+02
   5.1440000000000000e+06  -7.8685299999999998e+01
   5.1460000000000000e+06  -1.0465300000000001e+02
   5.1460000000000000e+06  -7.4507400000000004e+01
   5.1480000000000000e+06  -9.3257400000000004e+01
   5.1480000000000000e+06  -7.5661000000000001e+01
   5.1500000000000000e+06  -1.0695699999999999e+02
   5.1500000000000000e+06  -7.8483900000000006e+01
   5.1520000000000000e+06  -9.5942999999999998e+01
   5.1520000000000000e+06  -7.6301900000000003e+01
   5.1540000000000000e+06  -9.8048699999999997e+01
   5.1540000000000000e+06  -7.6347700000000003e+01
   5.1560000000000000e+06  -9.8399699999999996e+01
   5.1560000000000000e+06  -7.3173800000000000e+01
   5.1580000000000000e+06  -1.0262000000000000e+02
   5.1580000000000000e+06  -7.8984399999999994e+01
   5.1600000000000000e+06  -9.6586900000000000e+01
   5.1600000000000000e+06  -7.3646900000000002e+01
   5.1620000000000000e+06  -1.0630700000000000e+02
   5.1620000000000000e+06  -7.5630499999999998e+01
   5.1640000000000000e+06  -1.0124100000000000e+02
   5.1640000000000000e+06  -7.4022199999999998e+01
   5.1660000000000000e+06  -1.0818100000000000e+02
   5.1660000000000000e+06  -7.6921400000000006e+01
   5.1680000000000000e+06  -9.4136399999999995e+01
   5.1680000000000000e+06  -7.5874600000000001e+01
   5.1700000000000000e+06  -1.0595900000000000e+02
   5.1700000000000000e+06  -7.6957999999999998e+01
   5.1720000000000000e+06  -1.0274800000000000e+02
   5.1720000000000000e+06  -7.4742400000000004e+01
   5.1740000000000000e+06  -1.1308199999999999e+02
   5.1740000000000000e+06  -7.5633499999999998e+01
   5.1760000000000000e+06  -9.9162599999999998e+01
   5.1760000000000000e+06  -7.8319100000000006e+01
   5.1780000000000000e+06  -9.8994799999999998e+01
   5.1780000000000000e+06  -7.8737200000000001e+01
   5.1800000000000000e+06  -9.9681399999999996e+01
   5.1800000000000000e+06  -7.5322299999999998e+01
   5.1820000000000000e+06  -1.0805200000000001e+02
   5.1820000000000000e+06  -7.6222499999999997e+01
   5.1840000000000000e+06  -1.0807400000000000e+02
   5.1840000000000000e+06  -7.6741299999999995e+01
   5.1860000000000000e+06  -9.4075299999999999e+01
   5.1860000000000000e+06  -7.6231700000000004e+01
   5.1880000000000000e+06  -1.1043300000000001e+02
   5.1880000000000000e+06  -7.9405500000000004e+01
   5.1900000000000000e+06  -1.0521100000000000e+02
   5.1900000000000000e+06  -7.6369000000000000e+01
   5.1920000000000000e+06  -1.1130600000000000e+02
   5.1920000000000000e+06  -7.8654799999999994e+01
   5.1940000000000000e+06  -9.9470799999999997e+01
   5.1940000000000000e+06  -7.8648700000000005e+01
   5.1960000000000000e+06  -1.0189400000000001e+02
   5.1960000000000000e+06  -7.6045500000000004e+01
   5.1980000000000000e+06  -1.0996299999999999e+02
   5.1980000000000000e+06  -7.9890699999999995e+01
   5.2000000000000000e+06  -1.0735400000000000e+02
   5.2000000000000000e+06  -8.0467500000000001e+01
   5.2020000000000000e+06  -1.0492700000000001e+02
   5.2020000000000000e+06  -7.7888800000000003e+01
   5.2040000000000000e+06  -1.0637100000000000e+02
   5.2040000000000000e+06  -7.4876700000000000e+01
   5.2060000000000000e+06  -1.0012400000000000e+02
   5.2060000000000000e+06  -7.7669100000000000e+01
   5.2080000000000000e+06  -1.0063700000000000e+02
   5.2080000000000000e+06  -7.8908100000000005e+01
   5.2100000000000000e+06  -9.7755700000000004e+01
   5.2100000000000000e+06  -7.6424000000000007e+01
   5.2120000000000000e+06  -1.0183900000000000e+02
   5.2120000000000000e+06  -7.9030199999999994e+01
   5.2140000000000000e+06  -1.0152800000000001e+02
   5.2140000000000000e+06  -7.6082200000000000e+01
   5.2160000000000000e+06  -1.0093000000000001e+02
   5.2160000000000000e+06  -7.4226699999999994e+01
   5.2180000000000000e+06  -9.0974699999999999e+01
   5.2180000000000000e+06  -7.7299800000000005e+01
   5.2200000000000000e+06  -1.1435700000000000e+02
   5.2200000000000000e+06  -7.5096400000000003e+01
   5.2220000000000000e+06  -9.6428200000000004e+01
   5.2220000000000000e+06  -7.4165599999999998e+01
   5.2240000000000000e+06  -9.8964200000000005e+01
   5.2240000000000000e+06  -7.5206299999999999e+01
   5.2260000000000000e+06  -1.1579200000000000e+02
   5.2260000000000000e+06  -7.8325199999999995e+01
   5.2280000000000000e+06  -1.0924600000000000e+02
   5.2280000000000000e+06  -7.6256100000000004e+01
   5.2300000000000000e+06  -1.0075900000000000e+02
   5.2300000000000000e+06  -7.7299800000000005e+01
   5.2320000000000000e+06  -1.0417700000000001e+02
   5.2320000000000000e+06  -7.6118799999999993e+01
   5.2340000000000000e+06  -1.0467100000000001e+02
   5.2340000000000000e+06  -7.7968100000000007e+01
   5.2360000000000000e+06  -9.7267499999999998e+01
   5.2360000000000000e+06  -7.2044700000000006e+01
   5.2380000000000000e+06  -1.0821700000000000e+02
   5.2380000000000000e+06  -7.8422899999999998e+01
   5.2400000000000000e+06  -1.0237900000000000e+02
   5.2400000000000000e+06  -7.5975300000000004e+01
   5.2420000000000000e+06  -1.0120699999999999e+02
   5.2420000000000000e+06  -7.6335400000000007e+01
   5.2440000000000000e+06  -9.8457599999999999e+01
   5.2440000000000000e+06  -7.4388400000000004e+01
   5.2460000000000000e+06  -1.0198900000000000e+02
   5.2460000000000000e+06  -7.6808499999999995e+01
   5.2480000000000000e+06  -9.8573599999999999e+01
   5.2480000000000000e+06  -7.6997699999999995e+01
   5.2500000000000000e+06  -1.0613000000000000e+02
   5.2500000000000000e+06  -8.0101299999999995e+01
   5.2520000000000000e+06  -9.7474999999999994e+01
   5.2520000000000000e+06  -7.6411699999999996e+01
   5.2540000000000000e+06  -1.0604400000000000e+02
   5.2540000000000000e+06  -7.7498199999999997e+01
   5.2560000000000000e+06  -9.7389499999999998e+01
   5.2560000000000000e+06  -7.5670199999999994e+01
   5.2580000000000000e+06  -1.0119499999999999e+02
   5.2580000000000000e+06  -7.7409700000000001e+01
   5.2600000000000000e+06  -1.0732599999999999e+02
   5.2600000000000000e+06  -7.5941800000000001e+01
   5.2620000000000000e+06  -9.1499600000000001e+01
   5.2620000000000000e+06  -7.7440200000000004e+01
   5.2640000000000000e+06  -9.3025499999999994e+01
   5.2640000000000000e+06  -7.7665999999999997e+01
   5.2660000000000000e+06  -1.0006900000000000e+02
   5.2660000000000000e+06  -7.9552000000000007e+01
   5.2680000000000000e+06  -1.0966400000000000e+02
   5.2680000000000000e+06  -7.3951999999999998e+01
   5.2700000000000000e+06  -9.4804699999999997e+01
   5.2700000000000000e+06  -7.5834999999999994e+01
   5.2720000000000000e+06  -9.5155600000000007e+01
   5.2720000000000000e+06  -7.4202299999999994e+01
   5.2740000000000000e+06  -1.0494300000000000e+02
   5.2740000000000000e+06  -7.4418899999999994e+01
   5.2760000000000000e+06  -1.0252300000000000e+02
   5.2760000000000000e+06  -7.9390299999999996e+01
   5.2780000000000000e+06  -9.8951999999999998e+01
   5.2780000000000000e+06  -7.4238900000000001e+01
   5.2800000000000000e+06  -1.0288000000000000e+02
   5.2800000000000000e+06  -7.5148300000000006e+01
   5.2820000000000000e+06  -1.0356600000000000e+02
   5.2820000000000000e+06  -7.6784099999999995e+01
   5.2840000000000000e+06  -1.0732599999999999e+02
   5.2840000000000000e+06  -7.4504400000000004e+01
   5.2860000000000000e+06  -9.1914699999999996e+01
   5.2860000000000000e+06  -7.6094399999999993e+01
   5.2880000000000000e+06  -1.0281200000000000e+02
   5.2880000000000000e+06  -7.6597899999999996e+01
   5.2900000000000000e+06  -1.0302600000000000e+02
   5.2900000000000000e+06  -7.6921400000000006e+01
   5.2920000000000000e+06  -1.1105200000000001e+02
   5.2920000000000000e+06  -7.9707599999999999e+01
   5.2940000000000000e+06  -9.5775099999999995e+01
   5.2940000000000000e+06  -7.4830900000000000e+01
   5.2960000000000000e+06  -9.9827900000000000e+01
   5.2960000000000000e+06  -7.6558199999999999e+01
   5.2980000000000000e+06  -1.0004800000000000e+02
   5.2980000000000000e+06  -7.5871600000000001e+01
   5.3000000000000000e+06  -1.0864700000000001e+02
   5.3000000000000000e+06  -7.7546999999999997e+01
   5.3020000000000000e+06  -1.0272100000000000e+02
   5.3020000000000000e+06  -7.9545900000000003e+01
   5.3040000000000000e+06  -9.6251199999999997e+01
   5.3040000000000000e+06  -7.5239900000000006e+01
   5.3060000000000000e+06  -1.0415500000000000e+02
   5.3060000000000000e+06  -7.6292699999999996e+01
   5.3080000000000000e+06  -1.0714000000000000e+02
   5.3080000000000000e+06  -7.5371099999999998e+01
   5.3100000000000000e+06  -9.6596100000000007e+01
   5.3100000000000000e+06  -7.4480000000000004e+01
   5.3120000000000000e+06  -1.0120699999999999e+02
   5.3120000000000000e+06  -7.8135999999999996e+01
   5.3140000000000000e+06  -1.0331000000000000e+02
   5.3140000000000000e+06  -7.6579599999999999e+01
   5.3160000000000000e+06  -1.0602000000000000e+02
   5.3160000000000000e+06  -7.7452399999999997e+01
   5.3180000000000000e+06  -9.7111800000000002e+01
   5.3180000000000000e+06  -7.5837999999999994e+01
   5.3200000000000000e+06  -9.6425200000000004e+01
   5.3200000000000000e+06  -7.6668099999999995e+01
   5.3220000000000000e+06  -8.6894499999999994e+01
   5.3220000000000000e+06  -7.7748400000000004e+01
   5.3240000000000000e+06  -9.7450599999999994e+01
   5.3240000000000000e+06  -7.9698499999999996e+01
   5.3260000000000000e+06  -9.8854399999999998e+01
   5.3260000000000000e+06  -7.5825800000000001e+01
   5.3280000000000000e+06  -9.6550299999999993e+01
   5.3280000000000000e+06  -7.5715900000000005e+01
   5.3300000000000000e+06  -9.1844499999999996e+01
   5.3300000000000000e+06  -7.5483999999999995e+01
   5.3320000000000000e+06  -1.0015400000000000e+02
   5.3320000000000000e+06  -7.6655900000000003e+01
   5.3340000000000000e+06  -1.1325600000000000e+02
   5.3340000000000000e+06  -7.6582599999999999e+01
   5.3360000000000000e+06  -1.0923999999999999e+02
   5.3360000000000000e+06  -7.7919300000000007e+01
   5.3380000000000000e+06  -9.7636700000000005e+01
   5.3380000000000000e+06  -7.6704700000000003e+01
   5.3400000000000000e+06  -9.7682500000000005e+01
   5.3400000000000000e+06  -7.6448400000000007e+01
   5.3420000000000000e+06  -1.0368200000000000e+02
   5.3420000000000000e+06  -7.6350700000000003e+01
   5.3440000000000000e+06  -9.6632700000000000e+01
   5.3440000000000000e+06  -7.6393400000000000e+01
   5.3460000000000000e+06  -1.0308400000000000e+02
   5.3460000000000000e+06  -7.8010900000000007e+01
   5.3480000000000000e+06  -9.9989599999999996e+01
   5.3480000000000000e+06  -7.6634500000000003e+01
   5.3500000000000000e+06  -1.0901400000000000e+02
   5.3500000000000000e+06  -7.7104500000000002e+01
   5.3520000000000000e+06  -1.1510200000000000e+02
   5.3520000000000000e+06  -7.6570400000000006e+01
   5.3540000000000000e+06  -1.2025300000000000e+02
   5.3540000000000000e+06  -7.4824799999999996e+01
   5.3560000000000000e+06  -1.0096899999999999e+02
   5.3560000000000000e+06  -7.6228600000000000e+01
   5.3580000000000000e+06  -9.7407799999999995e+01
   5.3580000000000000e+06  -7.8477800000000002e+01
   5.3600000000000000e+06  -9.8549199999999999e+01
   5.3600000000000000e+06  -7.7064800000000005e+01
   5.3620000000000000e+06  -1.1243800000000000e+02
   5.3620000000000000e+06  -7.5602999999999994e+01
   5.3640000000000000e+06  -9.9898099999999999e+01
   5.3640000000000000e+06  -7.3179900000000004e+01
   5.3660000000000000e+06  -1.0086499999999999e+02
   5.3660000000000000e+06  -7.6890900000000002e+01
   5.3680000000000000e+06  -1.0582500000000000e+02
   5.3680000000000000e+06  -7.4754599999999996e+01
   5.3700000000000000e+06  -1.0703600000000000e+02
   5.3700000000000000e+06  -7.5209400000000002e+01
   5.3720000000000000e+06  -1.0723099999999999e+02
   5.3720000000000000e+06  -7.3649900000000002e+01
   5.3740000000000000e+06  -9.2378500000000003e+01
   5.3740000000000000e+06  -7.5844099999999997e+01
   5.3760000000000000e+06  -1.0312400000000000e+02
   5.3760000000000000e+06  -7.6640600000000006e+01
   5.3780000000000000e+06  -9.7624499999999998e+01
   5.3780000000000000e+06  -7.8032200000000003e+01
   5.3800000000000000e+06  -1.0544000000000000e+02
   5.3800000000000000e+06  -7.4849199999999996e+01
   5.3820000000000000e+06  -1.0580300000000000e+02
   5.3820000000000000e+06  -7.6399500000000003e+01
   5.3840000000000000e+06  -1.0135400000000000e+02
   5.3840000000000000e+06  -7.5013999999999996e+01
   5.3860000000000000e+06  -9.9443399999999997e+01
   5.3860000000000000e+06  -7.7403599999999997e+01
   5.3880000000000000e+06  -9.7749600000000001e+01
   5.3880000000000000e+06  -7.5590800000000002e+01
   5.3900000000000000e+06  -9.6763900000000007e+01
   5.3900000000000000e+06  -7.7836900000000000e+01
   5.3920000000000000e+06  -1.1582800000000000e+02
   5.3920000000000000e+06  -7.6793199999999999e+01
   5.3940000000000000e+06  -9.7877799999999993e+01
   5.3940000000000000e+06  -7.5758700000000005e+01
   5.3960000000000000e+06  -1.1457400000000000e+02
   5.3960000000000000e+06  -7.6643699999999995e+01
   5.3980000000000000e+06  -1.0263500000000001e+02
   5.3980000000000000e+06  -7.6787099999999995e+01
   5.4000000000000000e+06  -1.0409999999999999e+02
   5.4000000000000000e+06  -7.9097300000000004e+01
   5.4020000000000000e+06  -1.0676100000000000e+02
   5.4020000000000000e+06  -7.6094399999999993e+01
   5.4040000000000000e+06  -1.0609000000000000e+02
   5.4040000000000000e+06  -7.7614099999999993e+01
   5.4060000000000000e+06  -1.0902900000000000e+02
   5.4060000000000000e+06  -7.5480999999999995e+01
   5.4080000000000000e+06  -1.0913000000000000e+02
   5.4080000000000000e+06  -7.6170699999999997e+01
   5.4100000000000000e+06  -1.0838500000000001e+02
   5.4100000000000000e+06  -7.8511399999999995e+01
   5.4120000000000000e+06  -1.0277000000000000e+02
   5.4120000000000000e+06  -7.7467699999999994e+01
   5.4140000000000000e+06  -1.1429300000000001e+02
   5.4140000000000000e+06  -7.8429000000000002e+01
   5.4160000000000000e+06  -9.9858400000000003e+01
   5.4160000000000000e+06  -7.6259200000000007e+01
   5.4180000000000000e+06  -1.0035599999999999e+02
   5.4180000000000000e+06  -7.7672100000000000e+01
   5.4200000000000000e+06  -9.9592900000000000e+01
   5.4200000000000000e+06  -7.7052599999999998e+01
   5.4220000000000000e+06  -1.1961499999999999e+02
   5.4220000000000000e+06  -7.5831900000000005e+01
   5.4240000000000000e+06  -9.2720299999999995e+01
   5.4240000000000000e+06  -7.5956999999999994e+01
   5.4260000000000000e+06  -1.1211400000000000e+02
   5.4260000000000000e+06  -7.5740399999999994e+01
   5.4280000000000000e+06  -1.0999600000000000e+02
   5.4280000000000000e+06  -7.6597899999999996e+01
   5.4300000000000000e+06  -9.5915499999999994e+01
   5.4300000000000000e+06  -7.4046599999999998e+01
   5.4320000000000000e+06  -9.6507599999999996e+01
   5.4320000000000000e+06  -7.6311000000000007e+01
   5.4340000000000000e+06  -9.6110799999999998e+01
   5.4340000000000000e+06  -7.6384299999999996e+01
   5.4360000000000000e+06  -1.1171400000000000e+02
   5.4360000000000000e+06  -7.5191000000000003e+01
   5.4380000000000000e+06  -1.0060899999999999e+02
   5.4380000000000000e+06  -7.6350700000000003e+01
   5.4400000000000000e+06  -1.1325900000000000e+02
   5.4400000000000000e+06  -8.0787999999999997e+01
   5.4420000000000000e+06  -9.5650000000000006e+01
   5.4420000000000000e+06  -7.6140100000000004e+01
   5.4440000000000000e+06  -9.4295000000000002e+01
   5.4440000000000000e+06  -7.4345699999999994e+01
   5.4460000000000000e+06  -1.0624600000000000e+02
   5.4460000000000000e+06  -7.7727099999999993e+01
   5.4480000000000000e+06  -8.7706299999999999e+01
   5.4480000000000000e+06  -7.5148300000000006e+01
   5.4500000000000000e+06  -9.3956299999999999e+01
   5.4500000000000000e+06  -7.8926400000000001e+01
   5.4520000000000000e+06  -1.1185800000000000e+02
   5.4520000000000000e+06  -7.6317099999999996e+01
   5.4540000000000000e+06  -9.4276700000000005e+01
   5.4540000000000000e+06  -7.7299800000000005e+01
   5.4560000000000000e+06  -1.0832100000000000e+02
   5.4560000000000000e+06  -7.4968299999999999e+01
   5.4580000000000000e+06  -9.8713999999999999e+01
   5.4580000000000000e+06  -7.7336399999999998e+01
   5.4600000000000000e+06  -1.0333100000000000e+02
   5.4600000000000000e+06  -7.6637600000000006e+01
   5.4620000000000000e+06  -9.9934700000000007e+01
   5.4620000000000000e+06  -8.0192899999999995e+01
   5.4640000000000000e+06  -1.1292900000000000e+02
   5.4640000000000000e+06  -7.6625399999999999e+01
   5.4660000000000000e+06  -9.2973600000000005e+01
   5.4660000000000000e+06  -7.8474699999999999e+01
   5.4680000000000000e+06  -1.0160700000000000e+02
   5.4680000000000000e+06  -7.7119799999999998e+01
   5.4700000000000000e+06  -1.0997799999999999e+02
   5.4700000000000000e+06  -7.9716800000000006e+01
   5.4720000000000000e+06  -9.6797499999999999e+01
   5.4720000000000000e+06  -7.5157499999999999e+01
   5.4740000000000000e+06  -9.2543300000000002e+01
   5.4740000000000000e+06  -7.9143100000000004e+01
   5.4760000000000000e+06  -1.0836100000000000e+02
   5.4760000000000000e+06  -7.8566299999999998e+01
   5.4780000000000000e+06  -9.7087400000000002e+01
   5.4780000000000000e+06  -8.0379000000000005e+01
   5.4800000000000000e+06  -1.0520200000000000e+02
   5.4800000000000000e+06  -7.5508399999999995e+01
   5.4820000000000000e+06  -1.0029200000000000e+02
   5.4820000000000000e+06  -7.8343500000000006e+01
   5.4840000000000000e+06  -9.5204499999999996e+01
   5.4840000000000000e+06  -7.5944800000000001e+01
   5.4860000000000000e+06  -1.0951100000000000e+02
   5.4860000000000000e+06  -7.2874799999999993e+01
   5.4880000000000000e+06  -9.7377300000000005e+01
   5.4880000000000000e+06  -7.7266199999999998e+01
   5.4900000000000000e+06  -1.0627000000000000e+02
   5.4900000000000000e+06  -7.7708699999999993e+01
   5.4920000000000000e+06  -1.0463100000000000e+02
   5.4920000000000000e+06  -7.7861300000000000e+01
   5.4940000000000000e+06  -1.0590100000000000e+02
   5.4940000000000000e+06  -7.7052599999999998e+01
   5.4960000000000000e+06  -1.0141500000000001e+02
   5.4960000000000000e+06  -7.7449299999999994e+01
   5.4980000000000000e+06  -1.0643800000000000e+02
   5.4980000000000000e+06  -7.5358900000000006e+01
